time,x,y,z,phi,theta,psi,x_velocity,y_velocity,z_velocity,phi_velocity,theta_velocity,psi_velocity,rotor_speed1,rotor_speed2,rotor_speed3,rotor_speed4
0.06,-3.42451656945e-07,2.30064584834e-07,10.0057113813,0.000205443089294,6.28267442938,0.0,4.98452821374e-06,2.03933327593e-05,0.190366120166,0.00951769122476,-0.0368747979436,0.0,466.945179544925,464.060187557792,463.4978854948417,464.2450940103919
0.12000000000000001,1.76754189105e-05,8.66476745222e-06,10.0186302035,0.00169738539616,6.28024193532,0.0,0.000814101945833,0.000368278553083,0.2402513149,0.0450425344619,-0.0491230049551,0.0,421.572478455038,420.512002542905,418.9090739364071,421.9864800715687
0.18,0.000164740593062,9.26700305219e-05,10.0436052558,0.00425986135736,6.27747359899,0.0,0.00448499104038,0.00279902796531,0.592132959138,0.0375754661302,-0.0407559392361,0.0,510.28229410579996,510.8781612269738,511.1073609831733,510.5757306369388
0.23999999999999996,0.000582946115955,0.000373846412599,10.0856991861,0.00642482763744,6.2752231538,0.0,0.00973435185,0.00683737093566,0.810865167689,0.0329172544279,-0.031695870929,0.0,472.4817693548741,473.179060370369,474.3006956476912,473.94335207875963
0.3,0.00134036242344,0.000926279883671,10.1375418673,0.00889827671869,6.27331378206,0.0,0.0157083379496,0.0118093167177,0.917141103928,0.054096278701,-0.0320780134166,0.0,439.8100936103674,439.77806743738523,438.498616964987,440.2551186768897
0.36000000000000004,0.00247223982124,0.00181109703219,10.1934716127,0.0118118114498,6.27182228644,0.0,0.0221745024983,0.0179695891566,0.947154583696,0.0341847024062,-0.013344936101,0.0,413.330584143015,414.9778298561762,416.698206393242,414.95571595429556
0.4200000000000001,0.00411858424599,0.00322391243421,10.2600703679,0.0140532694007,6.27078198168,0.0,0.0328226525671,0.0294118983186,1.2724946859,0.0430475521113,-0.0268432081183,0.0,504.62757665003,503.65247533089735,504.1515540956975,504.79190952973374
0.48000000000000015,0.00641567074046,0.00536382458678,10.3445803131,0.0166433448851,6.26936670011,0.0,0.0439346026226,0.042243206752,1.54416921921,0.0434075220669,-0.0177651115243,0.0,489.8393392241548,490.51387916588993,489.74679789924943,489.7744136726948
0.5400000000000001,0.00939738397131,0.00832133683725,10.4442288279,0.0197005469326,6.26829328614,0.0,0.0555812580774,0.0566829892833,1.77710693622,0.062880557891,-0.0181416417679,0.0,479.76839011537703,479.73989637710065,478.6242844732457,480.10529493904505
0.6000000000000002,0.013068199091,0.0121762617195,10.5554441375,0.0235722117205,6.26698767997,0.0,0.0669055569105,0.0722292323289,1.92981304323,0.067632431944,-0.030209881869,0.0,457.3958273531918,456.43375826433777,455.7567773405383,456.13932450904025
0.6600000000000003,0.017434776267,0.0170279758067,10.6748700901,0.0274979073329,6.26501582873,0.0,0.078841722146,0.0899092484554,2.05082752157,0.0606114187977,-0.0387843192593,0.0,447.8243676035301,447.12598239295966,447.2548325329575,446.6857990515397
0.7200000000000003,0.0225860195651,0.0230606897807,10.8029139481,0.030979142223,6.26211868172,0.0,0.0931323968504,0.11157065586,2.216975229,0.052260033917,-0.0853335896491,0.0,462.65666114235324,458.9751977940698,462.5773227320269,461.92142063115676
0.7800000000000004,0.0286713858506,0.0304680764944,10.9408636618,0.0336785220429,6.25709853026,0.0,0.110270991518,0.135663969626,2.38099505176,0.0236179882419,-0.0805344126262,0.0,461.6376814589792,462.0107630342411,462.4745186593637,460.21409577532734
0.8400000000000004,0.0358907512748,0.0393667318492,11.0884137997,0.0352381580703,6.25176912211,0.0,0.130914515853,0.161110044194,2.53698529511,0.0303657763059,-0.115675106291,0.0,461.23844197827606,458.44788566805613,459.67385391239463,460.20836022708914
0.9000000000000005,0.0446074634997,0.0499705108478,11.2493166014,0.0369216123601,6.24503958916,0.0,0.160507758541,0.192551954131,2.82573011116,0.0229883342337,-0.105924570419,0.0,499.7099235802559,500.41048288510774,498.6997401302027,498.16070559397536
0.9600000000000005,0.0552065917854,0.0624384703435,11.4258109713,0.0381267715722,6.23870994231,0.0,0.193543107174,0.223180414352,3.05678299126,0.0135374575842,-0.104647510078,0.0,483.8987242775106,483.9861106559032,484.9862941275887,484.2758768465234
1.0200000000000005,0.0677335154391,0.0765951204561,11.6115727794,0.0387062948176,6.23260383683,0.0,0.224622294347,0.248767649426,3.13502699129,0.000480443237751,-0.0965597579157,0.0,438.81214661343455,439.4738827236565,440.1575826779066,439.0755483231068
1.0800000000000005,0.0822715672811,0.0923152091544,11.8025287869,0.0389935736521,6.22715032361,0.0,0.260532659245,0.275239559318,3.22987038129,0.0122492670963,-0.0814627538074,0.0,444.88595475553,446.11336421342764,444.3402880094963,445.3039937961017
1.1400000000000006,0.0992690349048,0.109766666529,12.0026165431,0.039237764728,6.22271341062,0.0,0.306561093774,0.30651842248,3.43906927115,-0.0221522806323,-0.062063583821,0.0,479.7497383612737,481.2164862823097,481.51940080138763,478.90982393132134
1.2000000000000006,0.119132879158,0.129093056716,12.2152977775,0.038261652054,6.21881144961,0.0,0.355975994074,0.337531771416,3.64962082243,-0.00653429565278,-0.0717495830903,0.0,482.3945292807014,481.65975120460564,481.4538147156674,482.6341419482562
1.2600000000000007,0.141974945284,0.150211597432,12.4393410173,0.0379345114806,6.21414735741,0.0,0.405886661408,0.366354669983,3.81789305228,-0.00337168612047,-0.0937184752456,0.0,471.5983379012483,469.8936322069934,471.13539129839506,471.3799581552585
1.3200000000000007,0.167574567416,0.17286483783,12.6685137409,0.0383942152488,6.20861598656,0.0,0.447920251317,0.38876566572,3.82113594027,0.0236461458863,-0.0892966875269,0.0,420.09292825017496,420.46849881122904,419.3445192902096,421.6850617200776
1.3800000000000008,0.195899743885,0.196928994428,12.8992760095,0.0396626062189,6.20302939873,0.0,0.496752878455,0.413489900494,3.87070843273,0.0155864430639,-0.102094562981,0.0,436.4031221884535,435.325871643483,435.9098079134948,435.23573658741583
1.4400000000000008,0.227356171979,0.222543542641,13.1341318936,0.0406202603141,6.19646638267,0.0,0.552394831101,0.440406065062,3.95744439001,0.0166994594595,-0.130821261383,0.0,448.87315410936884,446.52463622353713,448.29834228796466,448.38868165798925
1.5000000000000009,0.262278253084,0.249786131007,13.3740418133,0.0412787194456,6.18863289991,0.0,0.612423915173,0.467748132583,4.03916451691,-0.00407123677556,-0.130037296659,0.0,447.03842955289554,447.0867905272073,448.32051336735515,446.6294551574728
1.560000000000001,0.300782373184,0.278601555749,13.6170042865,0.0415245726087,6.18073762179,0.0,0.671742858502,0.492759323023,4.05941306121,0.0168043192346,-0.134881355427,0.0,428.69447422367784,428.26599517686947,427.38901347763453,429.1646967116996
1.620000000000001,0.342987906385,0.308924320376,13.8611436839,0.0430818107275,6.17272191085,0.0,0.735819815996,0.518108833496,4.07838102356,0.0398322621338,-0.131142097784,0.0,428.5260992082834,428.8267018811166,427.05247491642945,429.01255479614355
1.680000000000001,0.3892321359,0.340818442011,14.1068429692,0.0454531425538,6.16438233776,0.0,0.806371284631,0.545234786483,4.11133927117,0.0388949080454,-0.16327217579,0.0,434.82613645162576,432.1064183848633,433.2698309949133,433.1918409897294
1.740000000000001,0.440261546388,0.374531941161,14.3577172694,0.0486557399848,6.15416127785,0.0,0.895608757675,0.578822542485,4.25042192903,0.0727696453362,-0.190794542074,0.0,469.5812945450126,467.4142528076591,464.4874301207345,467.13820536362084
1.8000000000000012,0.496435103282,0.410171166055,14.6135744349,0.0532486739643,6.14251567427,0.0,0.977870805756,0.609544187085,4.27781870927,0.0831972033026,-0.201663675622,0.0,434.2602256047013,433.3094865065198,433.18974771196326,434.0705557256815
1.8600000000000012,0.558190030907,0.447900324667,14.8740186496,0.0584841127989,6.13057599033,0.0,1.081811995,0.648593477556,4.40287510483,0.0943381545634,-0.194137328125,0.0,465.18968363433095,465.7418813452343,464.4925207067383,465.371369435871
1.9200000000000013,0.626699828752,0.488187232558,15.1436167932,0.065170076864,6.11880198623,0.0,1.20304745053,0.694956934346,4.58265569401,0.133087282395,-0.200786670997,0.0,483.3643645649152,482.8286487043618,481.7892539176179,484.71955262854493
1.9800000000000013,0.702558825042,0.531337163039,15.4227765715,0.0730649929984,6.10673919614,0.0,1.32676204074,0.744167411053,4.7216917754,0.128390801297,-0.201570395329,0.0,473.2597003927328,473.16245335858684,473.50706659872407,473.160324412887
2.0400000000000014,0.784941686866,0.577128906074,15.7038057503,0.0805444639066,6.09454672817,0.0,1.42028534503,0.782802595413,4.64593082684,0.115900338768,-0.206695609876,0.0,405.9675460852333,405.4624387176382,406.2262633391926,405.1201568971729
2.1000000000000014,0.873225128905,0.625391706782,15.980772929,0.0873321411696,6.08192048291,0.0,1.52348947648,0.826486935146,4.58618282931,0.10691603837,-0.219211476536,0.0,412.0188836262755,410.86288684608877,411.71214551237114,410.9288290160066
2.1600000000000015,0.968597158579,0.676675646416,16.2574646028,0.0938081998841,6.06933429317,0.0,1.65670411137,0.88352741055,4.63618942619,0.109895174157,-0.195571753091,0.0,447.02845622500513,448.90731493007917,448.6220953979745,448.8740729424195
2.2200000000000015,1.07246333386,0.731616681527,16.5383048747,0.100605575391,6.0571707068,0.0,1.80655508069,0.948428045233,4.72425797948,0.119330768247,-0.223506470733,0.0,463.202753965641,460.9607984460534,461.2671806633044,462.0226517913759
2.2800000000000016,1.18475067044,0.790225944975,16.8208472322,0.107742373615,6.04375005567,0.0,1.93743432037,1.00576533534,4.69342552203,0.118167857397,-0.224021168604,0.0,425.7427283282247,425.6466509657106,424.6356236327676,424.54928814217476
2.3400000000000016,1.30604144752,0.852798220002,17.1052170808,0.115331866025,6.03042709768,0.0,2.10676207356,1.08060551424,4.78450432292,0.139376192702,-0.2183780317,0.0,466.3538208845003,466.7481433601553,464.1786277040753,465.85373164187905
2.4000000000000017,1.43809473616,0.920160814949,17.3962434665,0.123438467181,6.01690379526,0.0,2.29617609512,1.16553921391,4.91502058911,0.124823516859,-0.245507590695,0.0,480.56993979942433,478.46145520152965,481.43510231529916,480.3478129914292
2.4600000000000017,1.58280777495,0.993231476893,17.6986003012,0.130912171695,6.00230000344,0.0,2.52896703993,1.27081125596,5.16140211398,0.124033522259,-0.239484981716,0.0,516.4670605132952,516.8415226237323,517.4630983887206,517.4191706211082
2.520000000000002,1.74085445077,1.07233999332,18.012227181,0.13798322103,5.98794505067,0.0,2.74045998826,1.36670881725,5.29124527281,0.101127279034,-0.238782737654,0.0,486.9579934172109,486.9588617307885,488.10513340736384,486.4032619181847
2.580000000000002,1.90964992305,1.15632048839,18.326287669,0.144302175642,5.97353921254,0.0,2.88709834342,1.43304850885,5.17726044218,0.112591467498,-0.242859336843,0.0,409.3501738158992,408.9240784446014,410.4031845855467,411.4303103867986
2.640000000000002,2.08884818668,1.2449921435,18.6377382084,0.151008203625,5.95897141653,0.0,3.08728394423,1.5231240322,5.2033271262,0.110066867477,-0.242671678948,0.0,458.3961319100758,458.35407091852454,458.9124038144978,458.72257469662895
2.700000000000002,2.27957212264,1.3388411017,18.948467639,0.157726674912,5.94449565369,0.0,3.27122625664,1.60559634247,5.15362780694,0.115537159124,-0.238589277871,0.0,435.4805767853711,435.7625422404153,435.5106920276838,435.979470285207
2.760000000000002,2.48089946544,1.43743864514,19.2542893501,0.164744659699,5.92976021351,0.0,3.44068693599,1.68141710421,5.04007535823,0.1196793091,-0.265663750781,0.0,415.9706602487907,413.5258672597498,414.47487974682474,414.85216652610893
2.820000000000002,2.69299435131,1.54084505137,19.5542529532,0.171870761651,5.91372563953,0.0,3.6302431398,1.76588146046,4.95804014481,0.116883129586,-0.270596410002,0.0,427.69870409374494,427.2030599473117,426.80686689219317,426.5814230742245
2.880000000000002,2.91676504519,1.64943722872,19.8493569134,0.178373538201,5.89728926514,0.0,3.82987894758,1.85423324526,4.87799741084,0.0801470061444,-0.281621522785,0.0,431.29259571043025,430.28143824874405,429.688126659161,426.5718883463629
2.940000000000002,3.15209981417,1.76311505949,20.1379707907,0.183022926154,5.88023418924,0.0,4.01571699138,1.93524194563,4.7420157736,0.07156507807,-0.290095277689,0.0,411.4634842242995,410.6230899170053,410.9900512621337,410.2338108381015
3.000000000000002,3.39872169908,1.88165617825,20.4181322969,0.187526785479,5.86305313252,0.0,4.20610606759,2.01630562079,4.5962434326,0.081273598612,-0.279768058998,0.0,408.0235238890075,408.8534760157173,407.78640865053165,408.65788008191043
3.0600000000000023,3.65693069829,2.00507712168,20.6893378991,0.192768548175,5.84629043606,0.0,4.40188615996,2.09793625504,4.44347352204,0.0973735201869,-0.278611703183,0.0,406.1506561439895,406.1672950381574,406.858718001304,408.3049471810035
3.1200000000000023,3.9283522758,2.13395758903,20.9539070283,0.198579280406,5.82979347973,0.0,4.64646759759,2.19828364513,4.37438681728,0.0957689411932,-0.268493513505,0.0,438.5152186257364,439.2775174546682,440.0323740779547,439.90761184912424
3.1800000000000024,4.21682209397,2.26978096117,21.2184663723,0.204559937995,5.81336636187,0.0,4.97003125935,2.3292765755,4.44212702333,0.10652521177,-0.287280735308,0.0,489.7282519860114,488.2596438471046,488.826692219381,489.6352402419415
3.2400000000000024,4.52234227276,2.41247607077,21.4818022265,0.211034728343,5.79657485631,0.0,5.21487604084,2.42743564479,4.33468672799,0.110551653989,-0.268107989724,0.0,431.4841397687636,433.01789855794834,433.4410628334584,433.7899468398722
3.3000000000000025,4.84315634478,2.56127322035,21.7392700291,0.217538691568,5.78083231419,0.0,5.47967902387,2.53266005519,4.24635647589,0.103708610781,-0.252869213453,0.0,442.3409240829091,443.5245146049498,442.6632998537971,442.1100693337208
3.3600000000000025,5.18094629928,2.71679035276,21.9928597165,0.224564187265,5.76581718326,0.0,5.78056367149,2.65139452089,4.20502324693,0.13544479478,-0.245483257996,0.0,462.80357173064476,463.3246089076031,461.1164505043225,463.62847106027675
3.4200000000000026,5.53794409929,2.87987925316,22.2454195327,0.232572994146,5.75100993669,0.0,6.11976255515,2.78510342891,4.21153929673,0.129233803098,-0.249526363194,0.0,483.574159311324,483.2137819721988,483.685323098969,483.2320440673882
3.4800000000000026,5.91594698146,3.05125132627,22.4988899183,0.240337715331,5.73591166206,0.0,6.48062517932,2.92740339584,4.23509830641,0.129765722267,-0.256225393957,0.0,494.3394641438331,493.7888163432887,494.31224218234837,494.36492245682365
3.5400000000000027,6.3142150462,3.23061669589,22.7510093978,0.247688659496,5.72138325272,0.0,6.79531293914,3.05155764308,4.16714206836,0.101265426218,-0.223138628354,0.0,467.2302931559674,469.7467769611177,467.5921190984969,465.3783148649915
3.6000000000000028,6.73007794789,3.41692341967,22.9966578275,0.253498783235,5.7080911417,0.0,7.0671141401,3.15872705254,4.02010876552,0.0860551572224,-0.218512454746,0.0,440.64566931645265,440.9789904355762,443.38329176919325,442.1394622003529
3.660000000000003,7.16326650697,3.61003613941,23.2346965195,0.258830782268,5.69500873279,0.0,7.37264973476,3.27829639887,3.91311783978,0.0939646356745,-0.217113568987,0.0,460.72270152830623,460.78815964647174,458.68395388210365,459.3181280916522
3.720000000000003,7.6131621529,3.80967774085,23.463653883,0.264391784136,5.68186274221,0.0,7.62418596654,3.37646821971,3.7180647264,0.0899912027993,-0.223393196154,0.0,429.2558220937929,428.6729301137755,428.76605942640447,428.43582358500043
3.780000000000003,8.0795251008,4.01571516516,23.6825956723,0.269734646462,5.66839680593,0.0,7.92134921661,3.49135828165,3.57870795864,0.0870920198883,-0.226591599869,0.0,453.51815143266685,453.2121915938645,453.232935766006,453.0062259143427
3.840000000000003,8.56514415273,4.22915618721,23.8948272313,0.274912769348,5.65499065568,0.0,8.26579863007,3.62311613157,3.49383184284,0.0846744836879,-0.217782177083,0.0,477.53422387357085,478.1602149028672,477.49439762584063,477.3154537988804
3.900000000000003,9.07088485446,4.45026661675,24.1009280523,0.280701711757,5.64169474314,0.0,8.59206212919,3.74704773198,3.37458322978,0.113269851461,-0.230580079166,0.0,469.2627253125536,468.22177750359504,468.4449178320257,470.6710625181934
3.960000000000003,9.59706010348,4.6791114084,24.3006831571,0.287291401672,5.62756542939,0.0,8.94678603338,3.880902808,3.2818607053,0.101868138757,-0.247734966329,0.0,484.73118011365665,483.38910515617437,483.8075901816515,482.9576142321517
4.020000000000002,10.139263228,4.91402917799,24.488022452,0.2933276146,5.61235881409,0.0,9.12717517793,3.94978838865,2.96276182347,0.0979484571374,-0.268383883933,0.0,394.88745646819694,392.90270992795854,393.1795325081888,392.82623438070556
4.080000000000001,10.6961107776,5.15444703369,24.6606572946,0.299863900058,5.59645400079,0.0,9.43431098765,4.06390283965,2.79012710837,0.124864612589,-0.259191064704,0.0,458.4198856162849,459.0815492677842,457.5789136400736,459.72712361522764
4.14,11.2703833343,5.40131806568,24.8214797311,0.307415147662,5.58094201594,0.0,9.70807305007,4.16502414682,2.56940542983,0.127761245287,-0.257251332607,0.0,442.66799946974896,442.76015073104935,442.8094612691675,443.06224265220857
4.199999999999998,11.8653430677,5.65575972557,24.9735973904,0.315363481486,5.5656736194,0.0,10.1230374443,4.31591942404,2.49832442771,0.140527009154,-0.249437297462,0.0,507.03680810494404,507.5417789425406,507.47152118697255,508.40096943319276
4.259999999999997,12.4808583159,5.91769143698,25.1163775523,0.323721108016,5.55129021747,0.0,10.393932307,4.41503336768,2.2598468532,0.136708740655,-0.225217227787,0.0,444.53699119437067,446.4601303316483,446.4547644310684,446.1608961357992
4.319999999999996,13.1111755867,6.18505216242,25.2431496325,0.332112172787,5.53741685366,0.0,10.6166362759,4.49698714302,1.96533673814,0.145486863654,-0.247249894602,0.0,423.952353360232,421.99708612655655,423.4526105198638,424.2265483138804
4.379999999999995,13.7551765721,6.45744073487,25.3524605423,0.340755669812,5.5229310582,0.0,10.8499575655,4.58256048107,1.67758729207,0.141039867359,-0.231800377217,0.0,428.4053826806759,429.6568225171345,428.42717815118453,428.068957469205
4.439999999999993,14.416649302,6.73617700711,25.4478044606,0.349346996398,5.5092432937,0.0,11.1981955691,4.70827469972,1.49858092571,0.147168753575,-0.221657850258,0.0,480.0199855921459,480.7418203512396,480.7604833043637,481.2422066658052
4.499999999999992,15.0939434947,7.02067360857,25.5273541389,0.357933460832,5.4956068613,0.0,11.3783680007,4.77497230261,1.15292630573,0.133421734148,-0.24189117127,0.0,408.91679209632935,407.05231944863965,407.49044440528405,406.28009793716643
4.559999999999991,15.7855859129,7.31039750552,25.5893925832,0.366028812481,5.48088048864,0.0,11.675654162,4.88210909356,0.913538241216,0.137763794809,-0.253677431586,0.0,460.2681311936044,459.2756137106003,461.6494527890705,462.0081160633029
4.6199999999999894,16.4939238887,7.60612647554,25.6358746352,0.373891614239,5.46582825988,0.0,11.9350750809,4.97518910839,0.634715926743,0.112173299392,-0.245786734557,0.0,446.0077161739115,446.58913105688197,447.9739835356606,445.9025075049455
4.679999999999988,17.2189278945,7.90778166657,25.6664563904,0.380219828294,5.45114046491,0.0,12.2308615778,5.07945059944,0.383235447522,0.0866492230945,-0.242890229017,0.0,463.4774346971865,463.6478824073531,464.74346113419426,462.7465382230323
4.739999999999987,17.9611255232,8.21545191449,25.6813499043,0.385059894542,5.43673311838,0.0,12.5082586239,5.17565662129,0.112030205739,0.0646985665805,-0.235102869993,0.0,457.2355935368677,457.8000434698434,460.3473856098677,458.61117716841494
4.799999999999986,18.7212975437,8.52927129314,25.6809599967,0.38914363607,5.42264938724,0.0,12.829593325,5.28421001012,-0.126580945075,0.0740569547443,-0.23399256822,0.0,477.55244635347714,477.58645761805406,478.84978937322313,479.564589103088
4.859999999999984,19.4983417977,8.84874579341,25.6642345517,0.393171280226,5.40895945749,0.0,13.0711893759,5.36442529595,-0.431712588424,0.0473195990807,-0.218525125467,0.0,450.2521528658859,451.45125714780954,449.7289010530809,447.5600070244393
4.919999999999983,20.2883804845,9.17249267133,25.6280110853,0.395976625262,5.39538731492,0.0,13.2630894397,5.42674600958,-0.775945976649,0.0456038959699,-0.249524673163,0.0,432.4961788150926,429.82176602328946,430.8104555636623,430.666653414945
4.979999999999982,21.0932549887,9.50095387563,25.5736132062,0.398428583034,5.3799275665,0.0,13.5647672434,5.52106689011,-1.03875656453,0.029131895413,-0.283515944548,0.0,477.39477368893375,474.72893356882224,476.59466338452916,475.3341134972783
5.0399999999999805,21.9164864077,9.83504188623,25.5035207224,0.400122460555,5.36300822759,0.0,13.8748457544,5.614129796,-1.29935917697,0.0263666455734,-0.279104355506,0.0,481.9289354521602,482.1886624670009,482.9223347567401,482.71374265791104
